Vote Percentages by City/Town in King County (sorted by Democratic %)
======================================================================
 1. SEA  D: 87.00238% R: 8.94657% T: 4.05105%
 2. LFP  D: 80.71914% R: 15.75198% T: 3.52889%
 3. SHL  D: 78.10567% R: 17.72413% T: 4.17021%
 4. ANGEL D: 76.24633% R: 19.64809% T: 4.10557%
 5. BROKEN D: 75.82237% R: 20.72368% T: 3.45395%
 6. HAMM D: 75.24116% R: 22.18650% T: 2.57235%
 7. M-I  D: 75.11219% R: 21.29119% T: 3.59661%
 8. BEAR D: 75.00000% R: 25.00000% T: 0.00000%
 9. KMR  D: 73.73692% R: 22.44560% T: 3.81748%
10. BEA  D: 73.39450% R: 22.47706% T: 4.12844%
11. RED  D: 73.17251% R: 21.88457% T: 4.94291%
12. FAIRMONT D: 72.29437% R: 24.45887% T: 3.24675%
13. ISS  D: 72.20673% R: 23.91456% T: 3.87871%
14. KIR  D: 71.61815% R: 24.14192% T: 4.23993%
15. COUGAR D: 71.61290% R: 25.16129% T: 3.22581%
16. BRYN D: 71.42857% R: 24.90842% T: 3.66300%
17. CAMPBELL D: 71.32075% R: 23.39623% T: 5.28302%
18. BUR  D: 70.97679% R: 25.08574% T: 3.93746%
19. UNION D: 70.49180% R: 27.32240% T: 2.18579%
20. AMES D: 70.47872% R: 26.06383% T: 3.45745%
21. BOT  D: 70.44759% R: 25.68245% T: 3.86996%
22. WOD  D: 69.28648% R: 26.35461% T: 4.35891%
23. SAM  D: 69.18212% R: 25.97868% T: 4.83920%
24. BEL  D: 68.98924% R: 26.45713% T: 4.55363%
25. WELCOME D: 68.59972% R: 28.57143% T: 2.82885%
26. NPK  D: 68.33001% R: 28.29896% T: 3.37104%
27. NEW  D: 68.20406% R: 27.70280% T: 4.09313%
28. MINK D: 68.13472% R: 26.68394% T: 5.18135%
29. ELECTIONS D: 68.00000% R: 28.00000% T: 4.00000%
30. DUV  D: 67.95876% R: 27.07216% T: 4.96907%
31. RING D: 67.66810% R: 28.46924% T: 3.86266%
32. HAPPY D: 67.21311% R: 29.50820% T: 3.27869%
33. RNT  D: 67.09644% R: 29.21463% T: 3.68893%
34. COTTAGE D: 66.96296% R: 29.03704% T: 4.00000%
35. TUK  D: 66.87307% R: 28.90515% T: 4.22178%
36. RAGING D: 66.85934% R: 29.86513% T: 3.27553%
37. BLACK D: 66.50246% R: 28.57143% T: 4.92611%
38. YPT  D: 66.48649% R: 29.18919% T: 4.32432%
39. MOUNT D: 65.87927% R: 30.31496% T: 3.80577%
40. DES  D: 65.70934% R: 30.51211% T: 3.77855%
41. SEIDEL D: 65.07177% R: 27.75120% T: 7.17703%
42. CARRIAGE D: 64.92693% R: 31.10647% T: 3.96660%
43. SNQ  D: 64.56575% R: 31.09175% T: 4.34250%
44. TIGER D: 64.55939% R: 30.65134% T: 4.78927%
45. STAR D: 64.50617% R: 32.71605% T: 2.77778%
46. N-B  D: 64.47795% R: 30.80741% T: 4.71464%
47. SQUAK D: 64.45498% R: 31.75355% T: 3.79147%
48. QUAIL D: 63.86555% R: 29.83193% T: 6.30252%
49. CAR  D: 63.27138% R: 32.78810% T: 3.94052%
50. SWAN D: 62.94643% R: 31.25000% T: 5.80357%
51. ALDER D: 62.84047% R: 31.51751% T: 5.64202%
52. MED  D: 62.57738% R: 33.53967% T: 3.88295%
53. SHADY D: 62.02532% R: 33.96624% T: 4.00844%
54. SET  D: 61.72676% R: 33.68207% T: 4.59116%
55. ASPEN D: 61.70213% R: 32.52280% T: 5.77508%
56. FED  D: 61.63529% R: 34.97320% T: 3.39151%
57. BIG  D: 61.42322% R: 34.83146% T: 3.74532%
58. DUTHIE D: 61.09589% R: 35.34247% T: 3.56164%
59. C-H  D: 61.09234% R: 33.95270% T: 4.95495%
60. SNO  D: 61.05769% R: 35.57692% T: 3.36538%
61. KEN  D: 60.49220% R: 35.79906% T: 3.70875%
62. MAPLE D: 60.19262% R: 36.59711% T: 3.21027%
63. SPRING D: 59.83936% R: 36.54618% T: 3.61446%
64. MIL  D: 59.50992% R: 38.38973% T: 2.10035%
65. TWIN D: 59.21409% R: 36.72087% T: 4.06504%
66. SI   D: 58.92019% R: 37.08920% T: 3.99061%
67. TWO  D: 58.86525% R: 37.02128% T: 4.11348%
68. CHERRY D: 58.45865% R: 38.34586% T: 3.19549%
69. LAKE D: 57.45121% R: 38.85275% T: 3.69604%
70. SKY  D: 57.40741% R: 37.96296% T: 4.62963%
71. M-V  D: 56.71772% R: 38.96877% T: 4.31352%
72. WHITE D: 56.66991% R: 39.43525% T: 3.89484%
73. AUB  D: 55.89152% R: 40.67058% T: 3.43790%
74. GRASS D: 55.45171% R: 39.56386% T: 4.98442%
75. FALL D: 55.40541% R: 40.03378% T: 4.56081%
76. COV  D: 55.36326% R: 40.60479% T: 4.03195%
77. HOLIDAY D: 55.18519% R: 39.25926% T: 5.55556%
78. MIDDLE D: 54.95495% R: 38.43844% T: 6.60661%
79. HPT  D: 54.07407% R: 40.74074% T: 5.18519%
80. B-D  D: 50.59394% R: 46.69091% T: 2.71515%
81. DORRE D: 49.79310% R: 45.51724% T: 4.68966%
82. ALG  D: 49.79044% R: 46.68902% T: 3.52054%
83. LITTLE D: 47.04433% R: 48.76847% T: 4.18719%
84. PAC  D: 46.26016% R: 50.89431% T: 2.84553%
85. FOUR D: 45.93438% R: 49.07275% T: 4.99287%
86. CEDAR D: 45.59322% R: 50.84746% T: 3.55932%
87. MAY  D: 45.59140% R: 49.67742% T: 4.73118%
88. HAM  D: 44.52555% R: 50.60827% T: 4.86618%
89. ENM  D: 42.86284% R: 53.94439% T: 3.19276%
90. TROUT D: 42.71137% R: 54.08163% T: 3.20700%
91. SPIDER D: 41.96891% R: 54.66321% T: 3.36788%
92. SHADOW D: 41.69884% R: 50.77220% T: 7.52896%
93. HOLM D: 39.13043% R: 57.14286% T: 3.72671%
94. GREEN D: 34.73541% R: 61.60109% T: 3.66350%

Total cities/towns analyzed: 94

Highest Democratic %: SEA (87.00238%)
Lowest Democratic %: GREEN (34.73541%)
